Sixty-Four-Rest
102,125;102,125;101,124;101,124;101,124;104,124;105,124;105,124;105,124;104,124;103,124;100,124;100,124;100,123;99,123;102,124;103,126;104,129;104,129;
96,141;95,140;95,140;95,140;96,140;97,141;98,141;98,142;97,142;96,142;96,142;96,141;96,141;96,141;
88,157;88,157;89,157;90,158;90,159;91,160;91,161;91,161;91,161;90,160;89,159;89,158;89,157;90,158;92,160;92,160;
86,171;86,171;87,172;87,172;87,172;87,171;87,171;87,171;88,171;89,170;91,170;91,170;
97,129;97,129;96,130;96,131;96,133;97,135;100,137;104,138;109,137;114,135;119,133;120,131;120,131;
94,147;94,147;94,147;95,147;97,146;101,146;106,144;112,143;113,142;111,142;111,142;
86,161;86,161;86,161;88,162;91,162;94,162;99,161;104,159;106,159;105,158;105,158;
86,173;86,173;86,173;88,173;91,173;94,173;101,173;106,170;106,170;
121,137;121,137;120,136;119,136;119,136;
118,148;118,148;111,167;104,182;98,195;95,204;96,211;98,211;98,211;