Whole-Half-Rest
90,134;90,134;90,134;91,134;91,134;91,134;91,134;91,134;90,135;90,136;90,138;90,138;90,139;90,140;91,140;91,140;91,140;91,141;92,141;92,141;93,140;94,140;94,140;95,140;96,140;97,140;98,140;99,140;100,140;101,140;102,140;102,140;102,140;103,140;104,140;104,140;105,140;106,139;106,139;106,139;106,139;107,139;107,139;108,139;109,139;109,139;109,139;109,139;109,139;110,140;111,139;111,139;111,139;111,139;111,138;111,138;111,137;110,137;110,136;110,135;110,135;109,134;109,134;109,134;109,134;109,134;109,134;109,134;109,133;108,133;107,132;107,132;
91,137;91,137;91,136;91,136;92,136;92,136;95,136;98,136;100,136;102,136;103,136;102,136;100,136;97,136;94,135;90,135;88,135;87,135;87,135;88,136;92,136;95,136;98,136;101,136;102,136;102,136;102,136;101,135;98,135;96,135;95,134;95,134;95,134;95,134;97,134;100,134;103,134;105,134;105,134;105,134;103,134;100,134;96,134;93,134;91,134;90,134;90,134;90,134;92,134;94,134;96,134;100,134;101,134;101,134;101,134;99,134;95,133;91,133;89,133;87,133;86,133;86,133;87,133;88,133;89,133;92,133;94,133;97,133;99,133;101,133;104,133;104,133;105,133;105,133;105,133;105,133;104,133;103,133;104,134;103,134;103,134;
94,135;94,135;95,135;97,135;100,135;103,134;106,134;108,134;110,134;112,135;113,135;113,135;112,135;109,134;109,134;
98,137;98,137;100,137;101,137;102,136;103,136;104,136;103,138;102,138;97,139;93,139;91,139;89,139;88,139;88,139;89,139;91,139;95,139;99,139;102,139;102,139;103,139;101,140;99,140;96,140;94,140;93,140;93,140;94,141;96,141;98,141;101,140;105,141;105,141;105,140;104,140;103,141;103,141;
106,141;106,141;105,141;105,141;105,141;106,140;107,140;105,139;105,139;
105,140;104,140;104,140;104,140;104,141;105,141;105,141;105,141;105,141;105,141;105,141;105,140;104,140;104,140;103,139;103,139;103,140;103,141;103,141;103,141;103,141;102,141;101,141;101,141;101,141;101,141;101,140;103,139;105,139;104,139;104,139;
106,141;105,141;105,141;105,142;104,142;104,142;104,142;104,140;105,139;105,139;105,139;105,139;105,139;105,139;104,139;106,141;106,141;
101,140;101,140;102,140;103,140;104,139;105,139;106,139;106,139;105,138;106,139;106,139;
104,140;104,140;104,140;104,140;104,140;104,140;105,140;106,140;106,140;106,140;106,140;106,139;106,139;105,139;105,139;105,140;105,140;105,140;104,140;104,140;103,139;103,139;
101,139;101,139;101,139;101,139;101,139;102,139;104,139;105,139;105,138;106,139;105,138;105,138;
104,139;104,139;104,139;104,139;104,139;105,139;106,139;108,138;110,139;110,139;