Sixty-Four-Note
90,156;90,155;90,153;89,152;86,154;84,156;82,159;80,162;79,165;79,166;81,167;83,167;86,165;90,162;92,160;93,158;93,155;92,153;90,152;88,153;84,155;82,159;80,163;80,166;81,168;83,168;85,168;88,166;90,164;90,162;90,159;89,157;87,156;84,158;82,161;81,164;82,168;84,169;86,168;88,166;90,163;91,158;90,155;89,154;87,154;84,160;82,164;82,170;82,170;
103,63;103,64;103,69;103,78;103,89;103,102;103,122;102,133;101,141;100,144;101,146;101,146;
100,60;100,60;101,60;104,64;107,69;110,74;112,78;114,82;114,82;
100,81;100,81;101,82;103,85;107,90;110,92;110,92;
106,98;106,98;109,102;112,105;114,107;114,107;
105,112;105,114;107,117;109,119;111,122;111,122;
106,112;106,112;106,112;106,113;106,115;107,117;110,122;112,124;113,127;113,129;114,130;115,130;114,130;113,129;113,129;113,129;
101,99;102,100;103,102;105,105;108,108;111,110;113,112;115,114;116,115;116,115;117,115;115,115;115,115;
101,83;101,83;102,85;106,89;109,91;111,93;113,94;115,95;115,95;114,94;114,95;114,95;
99,63;99,63;100,63;101,64;105,68;107,72;110,75;112,78;114,80;115,81;116,82;116,83;116,83;
106,100;106,101;107,102;108,103;109,105;110,106;111,107;112,108;112,108;112,107;112,107;111,104;109,102;107,100;105,98;103,97;102,97;102,99;103,100;104,103;107,106;109,108;111,109;111,109;112,108;112,107;111,105;110,103;108,100;106,98;106,98;106,98;107,100;109,102;111,107;113,110;114,112;116,113;116,114;116,114;116,115;115,117;115,117;
104,115;104,115;103,116;104,118;106,120;109,123;111,124;112,124;113,124;114,124;114,126;114,126;