Sixty-Four-Rest
25,115;25,115;25,115;25,115;24,115;23,116;21,118;19,120;18,122;20,122;22,122;25,120;27,119;27,118;25,116;24,116;22,116;20,117;19,119;19,121;20,122;22,122;24,121;27,118;29,116;29,114;29,114;26,114;20,119;15,123;11,127;10,129;15,128;20,125;24,121;27,118;27,116;25,115;23,117;20,119;18,121;17,123;17,124;20,124;23,123;24,121;25,120;25,120;
21,140;21,140;22,137;22,136;21,135;19,136;15,138;10,143;8,145;8,147;9,147;15,146;19,143;23,140;25,137;26,135;24,135;22,137;19,139;15,143;13,146;13,148;16,148;19,146;23,143;26,139;27,137;26,136;24,137;21,139;16,144;15,146;15,146;18,145;25,141;27,138;28,137;27,137;24,139;20,142;19,144;20,145;22,145;25,146;25,146;
22,159;22,159;23,157;24,154;24,152;24,151;23,152;20,154;15,159;13,161;13,162;14,163;17,162;22,157;25,154;26,151;27,150;24,151;21,154;17,157;14,161;14,163;16,164;19,163;22,161;25,158;26,156;25,155;23,156;20,157;17,159;14,162;13,163;14,164;17,163;20,161;23,158;24,157;22,158;20,159;17,164;17,166;17,166;
15,178;15,177;16,175;18,175;20,174;20,174;20,174;19,174;16,176;13,179;11,181;11,183;13,183;16,182;22,178;25,174;27,172;28,170;26,169;23,171;19,173;16,177;14,180;13,183;15,183;18,181;21,179;24,175;24,173;24,173;22,173;20,174;16,178;15,180;16,180;18,180;22,178;26,174;27,173;27,173;25,173;21,176;19,178;19,179;19,180;22,181;24,179;24,179;
30,171;30,172;30,171;32,170;33,169;34,168;36,168;36,168;37,168;37,168;38,168;39,167;40,166;40,165;41,165;42,163;43,162;43,161;45,162;45,162;
33,148;33,148;33,149;34,149;35,148;37,147;39,145;42,143;43,141;46,141;46,142;46,142;
28,135;28,135;30,132;32,130;34,128;35,127;36,126;37,127;37,127;
28,114;28,114;30,112;33,110;35,109;39,108;40,108;40,108;
40,100;40,100;39,99;39,99;40,100;42,102;45,105;48,109;51,117;53,124;54,132;54,140;54,148;53,160;52,167;52,174;50,180;50,185;48,188;48,188;
35,127;35,127;37,127;40,125;42,123;43,123;43,122;43,122;
35,104;35,104;36,103;40,102;43,102;46,100;49,99;52,99;52,99;
39,156;39,156;40,155;46,150;46,150;