Sixty-Four-Rest
111,124;111,124;112,124;113,123;113,123;
115,123;115,123;115,123;115,123;115,123;114,123;113,123;113,123;113,124;113,124;113,124;113,124;112,124;112,124;112,122;113,120;114,121;116,124;116,127;116,127;
113,143;113,143;113,143;113,143;113,143;113,143;112,143;112,143;112,143;112,143;112,143;112,143;111,143;110,143;110,142;111,140;112,139;113,139;113,141;113,142;113,143;114,143;113,142;113,142;
107,163;106,163;104,164;104,164;104,164;106,161;107,159;108,159;108,159;109,159;109,160;110,161;111,161;111,161;111,159;110,158;110,158;
103,179;103,179;103,179;103,178;103,177;103,177;103,177;103,177;104,176;105,175;105,174;105,175;105,177;104,179;104,180;104,181;105,180;105,180;
134,125;134,125;134,124;135,124;141,123;145,122;149,121;149,121;
124,143;124,143;126,143;130,142;134,140;140,139;141,137;141,137;
120,167;122,165;125,163;129,161;133,159;133,159;
116,181;116,181;119,179;124,175;132,173;137,170;137,170;
144,123;144,123;144,124;144,127;145,131;145,138;144,148;140,168;137,183;132,196;127,207;127,207;