Sharp
30,113;30,113;30,111;30,112;30,114;32,119;34,126;37,138;40,145;42,151;44,155;45,158;45,158;45,158;44,160;44,160;
42,121;42,121;44,124;46,127;48,131;50,136;54,144;56,148;59,153;60,156;61,157;62,158;62,160;61,160;60,159;60,159;
33,129;34,130;36,136;38,142;40,147;41,153;43,158;44,163;45,163;46,164;46,164;45,163;46,164;46,163;46,163;
46,133;47,135;49,138;53,143;55,147;57,152;59,156;61,159;62,161;62,161;62,162;62,162;60,161;60,161;
29,151;29,151;30,150;33,148;36,145;40,143;46,140;49,139;50,137;51,136;52,136;52,131;52,131;
42,156;42,155;45,154;47,153;50,152;52,151;54,149;56,147;57,146;57,146;58,146;58,146;51,148;51,148;
32,162;32,161;33,159;35,158;37,157;41,154;44,152;49,150;52,149;54,147;55,146;56,145;57,144;57,144;57,144;58,145;58,145;
23,153;23,152;25,150;27,148;30,146;35,142;38,139;41,137;43,135;44,134;43,135;43,135;
27,146;27,146;28,144;30,142;34,140;40,137;43,135;44,134;46,135;46,135;
38,158;40,157;45,154;48,152;51,150;54,148;56,147;56,146;56,146;