Sixty-Four-Note
95,165;95,165;92,163;90,163;88,164;86,167;83,170;82,175;82,177;84,179;87,179;91,179;97,175;100,172;102,168;102,165;99,161;96,160;92,160;89,162;86,165;82,171;81,175;81,177;84,177;87,177;92,174;96,171;98,168;99,166;98,164;96,163;94,163;91,164;88,166;85,170;85,171;86,172;88,172;92,170;94,169;96,167;97,166;97,165;96,164;94,164;92,163;90,164;88,165;86,168;86,170;87,171;89,172;92,172;94,171;94,169;94,167;94,166;92,165;91,168;88,169;87,170;87,170;
99,49;96,48;94,48;94,53;96,63;99,88;100,108;99,128;99,144;99,153;99,158;99,156;97,153;97,153;
98,62;98,62;97,61;99,62;102,65;106,70;111,75;114,78;118,81;119,83;119,84;119,84;
98,85;99,86;99,86;101,89;105,91;109,92;112,94;114,95;115,95;116,97;116,98;116,98;
100,108;98,108;99,109;101,109;105,110;108,111;112,112;114,112;114,112;115,114;113,114;113,114;
104,123;104,123;105,122;106,121;108,123;110,126;112,128;114,129;118,130;120,130;120,130;
101,119;101,119;100,118;99,118;99,117;100,118;101,119;103,120;106,123;109,125;111,126;112,127;113,128;113,128;111,129;109,129;107,129;102,127;99,126;96,125;94,124;94,124;94,124;96,125;100,126;104,127;108,129;111,130;113,131;113,131;113,131;111,130;109,129;106,127;103,125;99,123;98,122;98,122;99,122;101,124;105,126;108,128;110,130;111,131;112,131;111,131;110,129;110,129;
99,110;99,110;100,110;101,110;104,112;106,113;109,116;111,117;113,117;112,116;111,115;111,115;
96,90;96,90;96,90;97,91;99,92;101,93;103,95;107,97;109,98;111,98;111,98;112,99;112,99;
96,67;96,67;96,67;98,67;102,68;106,70;109,73;112,75;114,77;116,78;117,78;117,77;117,75;117,74;117,74;